002392067
000763839
002536385
002070646
000603556
000550201
002586385
001695367
001472919
000641907
002423201
002705442
002360574
001209534
001655114
001371948
002579099
002109248
000697741
000363502
001681096
002108178
000414420
001456857
002209283
001937042
000193384
002538472
000454575
001674200
000828608
001941822
002075972
002072420
002641912
000472475
002535804
002230606
001836348
002494138
002472364
002146832
002603945
002542234
001481927
001514150
000641247
002261538
000407410
000356261
002232006
000696733
002278397
002164474
000332287
001422482
001586510
002593706
000693398
001637938
000674999
002618028
002215310
001992732
000657472
001579886
000276302
002264008
001776823
000181628
000218955
002544303
002584038
000832399
001550870
001513106
001703946
002038762
002369360
000690104
002634082
002446044
000310952
001590158
000794298
001437047
002072224
000656740
000656311
000656768
002529115
002274293
002176318
000935331
000472519
000753493
000485069
000730150
001782665
001494726
000724827
000695618
002533548
002347240
002578723
002529731
002551733
002634957
002616655
001589204
002221858
001884635
002178745
001047307
000466240
002007189
002021038
001905111
000369837
001785975
002433898
000180610
001768949
002664844
002368281
002082197
002536125
001847621
001491158
002562427
001764069
002105420
001574336
000767193
002443538
000906407
002183855
000531259
002696891
002310145
000173299
000173315
000175126
000224831
002038511
002679105
000834182
002482773
000302087
002488017
000835789
002566530
001953640
002628937
002589202
002663372
000745797
000654813
002072411
001616013
001282339
000748187
002289358
002467807
002505113
001139673
000770376
002081401
002121019
002348829
002478724
002304161
002206339
000725522
001599926
001055405
001022753
002500672
002016400
000585568
002205536
002668000
002535671
001334014
002082651
000437914
000179711
001618753
001903480
001978936
000719137
002672102
000179926
002607325
002488839
000328916
001840379
000489609
000279014
001584914
002133604
001909760
002685787
002064402
001935535
002570463
002349337
001657176
000651825
001102907
000259036
000177991
002530603
000730865
001127846
001555599
002482862
001080324
000184698
000909968
002004833
002125711
002269361
002110076
000561468
001798881
000959217
001723933
000466133
000246040
002647112
001319639
002002933
000354441
002500092
002420400
002652740
000093090
002634153
001221850
001221841
002117346
002147395
000750325
002204359
002581317
000750594
001937186
002502125
002505131
002434708
000865318
000681481
002646499
002472515
002719526
001578583
002159239
000185839
002069827
002079030
000698562
002033338
000693496
001980941
000740452
000601165
000657490
002496624
002109319
000463690
002170627
002553204
002648988
001407203
000680491
000783451
002129977
002309424
000302603
001792181
002617707
002425389
002595884
001987604
002110852
001414160
001906307
002407925
002135264
000348789
001680337
002238359
002267961
000702627
002430033
002123848
002443501
002545820
002069694
001886580
001861892
002089029
000785959
002348294
002484020
002520552
000169919
001876573
002264811
001547580
001894580
000177919
000237890
002221410
000677996
000704492
001607925
001287601
002533995
002619081
000606197
002722085
000615365
002255429
002264580
001449641
000261416
001976161
002153539
001869867
001994865
002550798
002094111
002712603
002304741
002547391
002547328
000750601
000343873
002325817
000532534
002219656
001803598
000242884
000183386
001556356
002651303
000175831
001469852
000690024
002104163
002137753
000818753
000503020
002523040
001984778
001465043
000561511
001128407
002366612
002684288
002668984
002242853
001866146
000658373
001840217
001040831
000424688
002252593
002518387
002566816
002501313
000690097
002466773
000482473
002509388
001831647
002579446
000690051
000229167
002288644
002131633
002645909
002338287
000745546
002038637
002368754
001073494
001024537
001776850
000890853
000521671
001142007
002081036
000528674
002195039
002056813
000362049
000176581
002162752
001456599
002648344
000220835
002218880
001734458
000711019
000255174
001224553
002348114
002150872
002426842
000441178
000488968
002486831
002533511
000658328
001782674
002536287
002636339
002354591
000168572
002034917
000414804
002439758
001355966
002356285
002708501
000836331
001445458
000186025
002245261
002000211
002287814
000697778
002073036
000583524
000178990
001876564
001612008
002534074
001248411
000562449
001956227
001364563
002642779
002182847
002621489
002531666
000822275
002691369
001518987
000786734
002512696
002022144
002284657
002400619
001762016
002428215
002331060
000263263
001939531
002225443
000280137
002137155
000168447
000168438
000212497
001672097
002579115
000323171
002214982
000564821
000357617
000751486
001759851
002657361
002533806
001962256
001280313
000479932
002111173
002043087
001633754
002692706
000167457
002543233
000465698
001928310
002162887
000288586
000368454
000556296
002671498
001249152
002704774
000444077
002646471
000472939
000167840
002584529
002085603
002639103
002453438
001873389
001577682
002105975
002222517
001908305
002333719
002521480
002568305
000396021
002511955
000222262
002162618
002389937
001856933
001524274
000167895
000553753
000167877
000838964
001954185
000680937
000957255
002682235
002114269
002368272
002628964
002611490
002623825
002729015
000337415
001802053
002021127
001322607
002575842
001491667
002359184
002316283
000337246
002529302
002426628
000199217
001115000
000546930
000477434
000272575
000315788
000272584
000439029
000439243
000374107
000477425
001001098
000168456
000315751
000358787
000397397
000546949
001701340
002212706
002522694
001114994
002590763
000546958
002359308
002668402
002289474
002262028
002019523
002439258
000171522
000405056
002126667
002031643
002542207
001654599
001870953
001925822
002581237
002373766
002474095
002437036
002582932
002050293
002440148
001602519
002049554
002691743
002175631
002644553
000383571
000776941
002406668
000467589
002600626
002354063
002324818
000732676
001867583
000454020
000702485
002004995
002350343
002033614
000583533
002361091
000753537
002695187
002387706
000882951
002346750
002514354
000344998
001506070
002004753
001266820
002452617
001574532
002528152
002657549
001180912
000603994
001839210
001419843
002454526
000185464
002666708
002113251
001716521
000182734
000182725
001943786
002276611
002027907
000236739
002484600
002501206
001009152
001893090
002374416
002196467
001522025
000408115
000606982
002495778
002104421
000798221
002045558
002295412
000690088
001588447
002005387
002278593
000351435
000604108
002453527
000670680
002620908
000222280
002608557
002235496
000470146
000185893
000763848
002228280
002104903
001779491
000351828
001515122
002165188
000702654
002586278
000237443
002042033
002659074
002608342
000431536
002004404
002120261
000750352
000700898
000957228
002530425
000825825
002639112
002687196
002401118
002428493
002494644
002430524
001833887
002440611
002440602
001843152
000828215
000510352
002600475
000678208
000967048
002018640
000814337
001636902
001983395
002348909
002705326
002705497
002412393
002114634
000766934
002500412
000582927
002477823
002137968
001573104
002679516
002070066
002447838
002463981
002544796
000457750
002612042
000675774
000365135
000328970
002623021
001959171
000809110
000309713
002093390
000180487
000954623
000823694
000241287
000181584
000206459
002538829
002303993
000327980
000792147
002272277
001402262
001097156
001418997
000732050
002515246
000242660
002616002
000187202
000408124
002069916
000550167
002218862
000563466
001731111
000523893
000533917
002295994
001112745
002510723
000208368
001789104
002156812
002720336
000180227
001994178
002632735
002129771
001495029
001698873
002494671
002616459
000382250
002377477
002433763
001715871
002191800
002597042
002186487
002232533
002031652
002027176
000176152
000203658
002356589
002555266
001863470
002715155
002043167
000652664
001881325
001875565
000703313
000185311
002226004
000566534
000261176
001796276
000360283
000366278
001856666
002180867
002700269
000180058
000180030
000476131
000263512
000202364
000180101
000180012
000180129
000171782
000202373
001880871
000180192
002443298
000443096
001505142
002048840
000172147
001563660
002520356
001530632
002162243
002064359
000704509
001416355
001830317
002335655
001950830
002340390
002262055
001961480
001471303
002593297
000803045
002489794
002549291
002128852
000213512
000194963
000461290
001975680
000669361
002030546
002714496
002726821
000693450
002092640
001118632
002527779
001090340
000958503
002591986
002292657
000793771
002259470
001773291
000724336
001988685
000168223
002644544
001551315
002632440
000361853
000385908
002571051
002157080
002475183
001723362
000670635
002178414
002636393
002069952
002431014
002384245
001913568
002056466
001969482
002011594
001404162
000635325
001689114
001319942
002674360
002345448
001725539
000312852
000518756
002077112
002077103
002077087
002077078
002687687
000696402
001563973
001675932
002286753
002085587
001724825
000354085
001919213
001028300
000766103
002468539
001547777
000603574
000202579
000684068
000653958
001741682
002164009
000629672
000866504
001503260
002677358
001865736
001872335
000248548
000640579
002646702
000300776
002355955
002075098
000777002
002207150
002605247
002553937
002531675
002148385
002596392
001239065
002600082
002620588
000354094
002663890
001584898
000672599
001707228
000366769
002259998
002543804
000814855
001502574
000497994
002681209
000645350
002499925
000354101
000601665
000626924
002010193
000167475
002294333
001867252
002163859
000440919
001308310
002184238
002011254
000691630
001433667
001755006
002549620
000300150
002330847
001156832
002215981
001757979
001776618
001243078
001764612
002593546
002236815
000714507
000168705
000264708
002003352
000168741
000686557
000176527
000249163
002043210
000176474
000282662
000895198
000316250
001581999
000648151
001328352
002446400
000744118
001722372
001678144
000840148
000185688
000182261
001296048
000830391
002072831
002306696
001859234
000963604
000400775
000570430
002164689
000557268
001895365
002446017
002445750
000437870
000462388
000335131
002261476
000426364
000690631
000319015
000472868
002413696
002351753
000189335
000919046
000227758
002539097
002592976
000317955
001824502
000307331
001481918
002471025
001050964
000206833
002288073
000749088
000848186
001417229
000418257
001496902
002592985
000702896
001364698
001923968
002175426
002020959
002639158
001480446
001890468
001525933
000995008
001914905
001945284
001843894
001498884
001872979
001897461
000594549
000181879
002454035
000353657
002507335
000254835
002550350
002379233
001586458
001518978
002211690
002318781
002198938
002171055
001841912
002572532
000468275
001390472
002194469
002020002
000468300
000468293
001816691
000468284
000341437
000434168
000952536
002432200
002198901
000328229
002310681
002310690
002310725
002301084
002301057
002301066
002301075
001814031
002130947
002318763
002318825
002358149
001612900
000213129
002596767
000420173
002040035
000869725
002444804
000407009
000791826
000976627
002297107
000313119
000864622
000747955
001417345
002609912
001556801
000725531
000770750
002411821
001502038
001238388
002645749
001917868
001371288
001998790
001472204
002536572
002470740
002691716
002604551
000435443
000742030
002461705
000433758
000475472
000173897
002177175
001834939
002254224
000348538
002240515
000032217
001650600
000699221
001341444
002462517
000246095
002487563
002139699
002652197
000744903
002168729
001995668
002547382
001193239
000173833
001044140
000306967
001522007
002561802
000647947
002696140
002024446
002595973
001875190
002650126
000169115
002244780
002503053
002397642
002297689
002535420
002394903
000447458
000214995
000663643
002477556
002336501
000954203
000174001
002117275
002664522
000630508
000712885
001378825
002283158
002183177
002590914
000651316
000169197
002133971
000437941
000712867
001961542
002696033
000341946
000285212
001691674
000346067
000285221
000346058
000346049
000318061
001923879
001112012
002662248
002657576
002657601
002657610
001667085
002555168
000341204
002669009
001962756
002061334
002190025
002110478
000674908
001514356
002654195
002656639
002699870
002689792
000199119
000328649
002368352
002638524
001724405
002406873
002355357
000272673
002578536
000627665
002646766
000183377
001879178
002648826
000830211
001519584
002127871
002297474
002477798
002303439
002444840
000359106
000310318
000310309
000284099
000359099
000284124
000284115
002155699
002155706
000247316
002703408
002102423
001910301
001205958
002056653
000971873
000670653
000539457
000911811
002604471
002516076
001085294
000509300
002528670
002442075
001732905
000184590
001347859
002578063
002606040
002357677
002591628
002707726
002229547
001472268
000692120
001767780
002037825
000766112
002423238
002212813
002292531
002636599
002456908
000578030
002526734
000537575
002114689
002596721
000714669
002047654
000411245
000673525
002572578
002642920
000813669
002641449
001006146
001450979
000358849
002055083
000335257
001191802
001253656
002238279
002696122
002696104
000568032
000250446
002475496
002238706
000828957
002665549
002139984
000344121
001756005
000169320
002485056
000238246
002614157
002218193
001478584
000324367
002379439
000390643
002401921
002664059
000834146
002417307
002200246
000290635
001447107
002200460
002200031
002079674
002076855
002076864
002076882
002076891
002076908
002076935
002076926
002077130
002077121
002077069
002077041
002200148
002200228
002200219
002200237
002200184
002200371
002200380
002200166
002200120
002200077
002200406
002200102
002200095
002200442
002200255
002490997
002687678
002643330
002480935
002487527
002487705
002487812
002274195
000789491
002126032
002173106
002406828
002210539
002066400
000280020
002722398
002112592
000785226
000297414
002519386
002521784
001713355
000186383
002496142
002613381
001788721
002595802
002605907
002644982
002476637
002314963
002557193
002379564
002370170
002605327
001517906
002464079
002699709
002711800
000168232
000169357
000791835
002559511
002060228
000799373
002711551
001941779
002483861
000188336
001181046
000269187
001896257
002541833
001352647
002419485
001767404
002673601
000786930
002586634
002504356
002121902
000647161
002589293
001156798
002628419
002475861
002542029
002114376
001990734
002058866
000354870
000215494
002454651
000236408
000402755
001594994
000573713
002403072
002125426
002706941
000715962
000881890
000832380
000942930
000500256
002426011
002157348
001187906
002601581
000181824
001578734
001762561
001858235
000563868
001545804
001393399
002191855
001177480
002649772
000171933
002054280
002462062
000356092
000185384
000405707
002519680
002594170
002233461
000178712
000949246
001526718
002261752
000478666
002176390
000294711
001328781
002502741
001617558
000171497
002643054
002468477
001743760
000354138
000351391
000353764
001612517
000791586
001578243
002105448
002191328
001928392
002442002
002611730
002482282
001813470
002696097
000750414
002430739
002519831
000171335
000539448
002324283
002307015
001958529
001919535
002571453
002687712
002445581
002457032
000398583
000655223
002685385
002615987
002579286
002447089
000525346
000169437
000662313
000173502
000410102
001687830
002636571
000346754
001561626
001184721
000235356
001116894
001991653
000169446
001179648
000315368
002226371
001477816
002358256
000833012
001958547
000647590
002613158
002668475
002001470
001529466
002096520
000700530
002125319
000992592
002600555
002479036
002312205
001765880
000689876
002549611
000939613
002466460
000434757
000183028
000350598
002066606
002423096
002114278
000303540
002667761
002382541
002419010
002611310
001407016
001992536
002011727
000171148
000670644
002152834
002484075
002575002
002304090
000823747
000397271
000248075
001828026
000633989
002322187
001915208
000744127
000896437
002618788
001125428
002586732
001183839
002045576
000549437
001964709
002144003
000408071
000876520
000353728
002179851
002168934
000467598
000721400
002536607
001427254
001991224
001573926
001559282
001116974
002175720
000785717
002166203
000797955
002609467
000635825
002724270
002153360
001358945
002384192
000671723
000644744
000177437
001287987
000344041
002147528
001817823
002609583
002104207
001656917
002447847
002371017
000255709
002658762
000792503
002671238
000663698
002090348
002198358
000524329
001309033
000666524
000614562
000399546
000173146
002551439
000604993
000685003
002249123
002659832
002681709
002598210
001833609
001521259
002529928
000611921
001668833
001500852
001124723
002533860
002672013
001921611
000789642
002444331
002663292
002284568
002617887
000774765
001998807
000200553
002044791
002132114
002562212
002627152
000719851
001331562
002253985
000858246
000353504
002186781
002580827
000979624
001973575
000335462
001707586
001740496
002489918
001234828
000608159
001620562
000632579
000617103
002657889
002220555
000254068
002636606
002044808
000469354
002300674
002360412
001012871
000921784
000747964
001646188
002320170
000747124
001803267
002525495
000976583
001878473
002341531
002518574
000920623
002644973
002127219
001977348
000888651
002096422
000976618
000976887
000311166
000168143
001722916
000276991
002264937
001688099
000693512
001729937
000869172
001991813
002627205
002271974
000303371
001409069
001038835
000344407
002089118
001629965
001626931
000731793
001999566
000856962
002596187
001900410
002098966
002047761
002481327
002365588
000624346
000708596
000324796
002358845
001779428
001779419
001688106
002459905
001990109
000708630
002558647
002303153
002088217
000603583
000689894
002294780
000456895
002271536
002436313
002212920
001493674
000707499
002462777
000389600
000271898
000890675
002138314
000496557
002275854
000740603
000640926
002606826
000408106
000705919
001145406
000171237
000526112
000505064
000583748
001192490
000837410
002600199
002195780
002456864
002096057
001130056
001135015
001777484
002607110
001463269
001118285
000610173
002487081
002061852
002474988
000836519
002463749
002174230
000310970
002660302
002659556
001155511
000399635
000978858
002394190
001286853
000264646
001981280
000791200
000223289
000168858
001706952
001705846
000320147
002645196
002083301
000603609
000369828
000484248
000259376
000234106
001478717
002233961
000604779
001937659
002367479
000336514
000670671
001810615
001416293
002484646
002513471
001015976
000725175
001269381
000745895
000296648
002486822
001379995
000364467
001102701
002368585
000254513
001887310
000533533
002113073
001840333
002513355
001538929
001221869
001473589
002585644
001812373
001377577
002067383
001297216
000970098
001143999
000346923
001649854
000659630
001500058
002663756
001143391
002196707
002046459
002295467
001021174
002407309
000444755
002150809
001868288
000682266
001073314
000964158
000545824
000359802
000672955
000197255
000702912
000374705
002506872
001252193
001192098
002470277
002407550
000524347
000603565
002083365
001532836
001322778
001870766
002299490
001975037
002505828
000693487
000813696
000615258
002602991
001968901
000693521
000735404
000750343
000178203
000712063
002455838
002699478
002521453
002613612
001632719
002056546
002056564
002056573
002083687
002033105
002657825
000997506
002673263
000306725
000228195
001127328
000240644
002277530
002463409
002233256
000562378
002536410
000502389
000184670
000804571
002004253
001442915
002135380
000663536
000292893
002662873
000342301
002471356
000648875
002387519
002618135
002281383
001613963
002239554
000672866
002672111
002278600
001683290
000849185
002225407
002560330
002077229
002064064
000776030
000177026
002608182
002577331
000358474
002302672
002637409
000651816
002232828
002232873
002232882
002232891
002232926
002419323
001133731
002476075
000536361
001107564
002556685
000387406
002467085
001163244
002493378
000183251
002359540
000942323
000727799
001479958
001852026
000827930
000793182
002004806
002599755
002240391
001768449
002633412
002013467
000225518
001866959
001700823
001940234
002601189
002567986
001760152
002395957
002397099
001484059
001849012
002462900
001393380
002071001
001793411
001888837
002464962
002535617
002495429
000889972
002266060
001811669
002120690
002068908
001930067
000232322
000271978
001719822
000172414
000369917
001716530
001169042
000820919
000541702
001604713
002505186
001155717
000269427
002517431
001882860
000174010
001413330
002293389
000189157
002088575
000381653
001971693
002365453
002083203
001130136
002427627
001537528
002188636
002192989
001947451
001274599
000831096
000174172
001136425
002355464
000760805
000702574
002502143
002649361
001883618
001270066
000246611
001417265
002313937
001780201
002668644
002607870
002434682
002551411
000490268
002634439
001652233
000237274
001507971
000710501
000679725
001028391
002315953
002059525
002677161
002639989
001998683
002681487
000419998
001916298
001004380
000717264
002672899
002617083
002664326
001186005
000417258
002666584
002590736
001223894
002722978
000345504
002046217
002258542
000870606
000911704
000725326
001030011
001063085
001601289
001863621
002715388
002457514
002360109
002481872
001844508
000479245
002368969
000412315
001935213
002025918
002534412
001375882
000746698
001012684
002224524
001459578
000174083
001253414
002369780
000607007
000397468
002049474
002664675
000386514
000551415
002624244
002264704
002289125
002122965
000391375
002600797
000804222
002358078
002603641
002254340
000648419
000994732
000713786
002687776
001772103
002437643
002118569
000768316
001676253
002488786
000312790
001851607
000177759
001086766
000415296
001529813
000186525
002544189
000845714
000929464
002058697
002630924
002191319
000662948
001518281
002562801
002373515
001639007
002540021
000262684
001376667
001933742
000333580
001687456
002170869
000611047
002105457
002089967
002651689
000306663
000183831
000336194
002121162
002667805
000547626
000688322
002507380
000429549
000690060
001506338
000955097
000726012
000329102
002048895
001918125
002653749
001946818
000461503
002667618
001954792
001775020
000834002
001929220
002366667
002191677
001900107
002166052
001395342
002280393
000171693
002697845
000910787
002083589
002570427
002362867
000171817
001945560
001973904
002109382
002387359
002331935
001807307
002709171
002709206
000178525
001505375
002340970
002443761
000535228
002575468
002578223
002623647
002492708
002508147
002036826
002238555
002238260
002408639
002028219
002028228
001420171
002587722
001900429
002595277
002642331
002631754
000704287
002344387
001933555
000745000
001994561
002579731
002402920
000633541
001235014
001667610
000759700
002022402
002144110
001101220
000455225
000700558
001913059
000433749
001476415
001810839
001838177
000685790
000864944
001458417
002672728
000357804
002081769
000686879
001478708
002090571
000522205
002371704
002670588
002430097
000753528
002294593
002079807
000749300
000501166
001405812
000804526
001340936
000183313
001676557
001818886
001907986
001186372
001987140
001785279
002175604
000444166
001456400
002101059
000978554
002580541
000463243
000360952
001671052
001671007
001671043
001671034
002172143
000828206
000405663
001694091
000721964
001823834
000304594
001801965
002271447
001971737
002689336
002535402
002106714
000743280
000743271
000615025
002424513
000783282
000978474
002592930
000917333
000319720
002549657
002362385
001495118
000561486
000614375
000178132
001054791
000343640
001774932
002547453
001518594
001378950
000397673
001737615
001638839
002598176
002528545
001489698
002453652
002487492
002247438
000689992
002549648
002619625
002491585
000794421
002336216
002053067
001983948
001916618
002475718
000934958
002227610
000448751
000579191
000392758
001428093
000215878
000780516
002267247
002267265
002267292
002267256
001190894
001682639
002045585
001814924
000270157
001108545
002238608
000606179
002051783
000876413
002659529
002064162
000652039
002475987
002240177
002128067
000853349
000853385
002347071
002617618
002609396
002621014
002217649
002055841
000375937
002212126
002091285
002028095
000449241
001465703
000370807
002572318
000244079
000674962
000176634
000176607
002596614
002586214
001537500
000236499
000176849
002033990
001992330
002536161
002555337
000743039
000187480
001386076
001911131
000901091
002360225
002636704
002296859
001739266
000648393
001916761
000216911
000243972
000177473
002171859
002112805
002681496
002582852
001688731
002219512
002160236
000178365
000180709
002170609
000222093
001967573
002621005
001304583
000698099
002341004
001331580
001129826
001525282
002054048
000223403
001718467
001937480
000312405
002206946
000312389
000354825
000996865
000291018
001183688
000270737
000459418
000410166
000270746
000312398
000225438
000223396
000312414
000402362
000405038
000354807
000441623
000291009
000319793
000272566
000192232
000514732
001384765
000243758
000243909
002546187
002451314
002168989
002533422
002590898
000527317
000800173
001021389
002216079
002234737
000228391
001905022
000261738
000243945
002654980
002120949
001921835
001651289
002415710
002644133
002074106
002165660
002165679
002371802
002371811
002019292
002582049
001959742
000497501
002611329
002454099
000177633
001815727
002223043
002284602
000613492
002359595
002239732
002240426
002512838
002104985
001714121
000214959
001955942
001991153
002455016
000941708
002507979
001509497
002045414
000820277
000259910
001830782
002353420
001404180
002168836
001110916
002306374
000630544
000297772
001105093
002627376
002462491
000407652
001030959
000172281
000172290
002603589
002525913
000644735
002048519
000760396
001631569
002535224
001886179
002166918
001904354
000881210
002140516
002375997
000176518
000176536
002304063
000319364
000394069
002053816
002600206
000229336
002362652
000306163
002353840
002649512
002513506
000365313
002602142
002108838
001098191
002521551
000685843
000737304
002004262
000660566
000553388
001472482
000550069
002012137
001942410
002433503
000253416
002220617
001616540
000176698
000176670
002243389
000170041
000398083
000283394
002545339
000675729
002689087
000604760
001695009
000177240
001896097
001398447
002526387
000604804
000423447
002355222
001799988
001800046
001800073
001800082
001800028
000177017
001993222
001993231
000338889
002487385
002454660
001887221
000661314
002111888
000959324
002127111
000225054
002035023
002534636
002005494
002523835
000586781
001863596
002621087
001837383
001868671
002216051
001335693
000840844
002552652
002313017
002598783
000271629
000893574
002013921
002216006
000325419
002694026
000500836
002175846
000741291
001769822
002164152
000908174
001927062
001476040
002263161
002101148
002415103
002256651
001894535
002433469
001895749
002714236
002320349
000250384
002623263
002623469
002422597
002367862
002055921
002346778
002674968
001916485
002588749
001060784
000186347
000823925
000187533
001448393
000187079
002577368
001952687
002662211
000225081
001564507
002118783
002672657
002614371
002341522
000700629
000251883
001494093
000180218
000181002
002563015
001227578
002117391
000825763
000732032
000562421
000174378
000175500
000685503
001298877
002373917
002240435
002367068
000292473
000593620
002485001
000590703
002070440
000266457
002029629
000261247
002192087
002718385
001978623
001213056
002264160
000187800
002504472
000172101
002411983
002522685
002672648
002602277
002693830
000183706
000206806
000212693
000930854
001547366
002608477
002538838
002651170
000528709
000254899
000942529
000383679
002287583
000618335
002623683
002118121
002207650
001973726
001765246
002588712
002358434
002108267
002343762
002234442
000449385
000938267
001837169
002053736
002191748
000572545
002695294
002517379
002140123
002388992
002547319
000208386
002187280
001059296
002244324
000372323
000675943
002135933
002219727
002195315
002720881
002525388
002144478
002627401
002381319
000674953
002068711
001777706
000180969
000814597
002426940
001879221
000783675
000174823
000771866
000266500
002466979
002354027
001425934
002150907
001915637
002059454
002164661
000453147
002100667
000808988
002203967
001727886
002604220
002699405
002572523
000640720
001335442
001860704
001908396
001672793
002512829
002726616
002196154
001825332
001689534
001698373
002420437
002105224
002689005
002116678
000810831
001753133
002530890
001777117
001780381
001588858
001109759
000174305
002697014
002422882
002529973
000415161
002639881
001690371
002225738
000206262
001250560
000261256
000590570
001812408
002109935
002594429
000181020
000677254
002154967
002404919
002572514
002659109
002552634
002650180
002575039
001534085
000786190
000534345
001777788
000522607
002427485
000513831
002204895
002595660
002043176
001328101
002013485
001552841
000374910
002107919
000447510
000304030
000472331
001705300
000763044
001236648
000303639
001703464
002048742
000445147
002217998
002588730
002614380
002614415
000208224
002265767
002161904
000180503
000464108
002011423
002216122
000212737
001971684
001817136
002383282
002599415
002694017
002036086
000544085
002388581
002249534
000397735
002088940
002481890
000335720
000654000
002042980
000674828
001877670
002187342
002354036
000192858
002545259
000187122
000338290
000969199
002304134
001959395
002534172
002196181
001943286
000897203
001344790
002529802
000892164
002392085
002642751
002418431
002657496
002416022
002209336
001650655
002600331
002632164
000693932
001734190
002390096
002380981
002249892
002171984
002023143
002330267
002534118
002390907
002698451
002669929
000814613
000968243
000533891
002557755
002028862
000166681
000709586
002103057
000202542
001467596
001467578
001091590
000202444
002712827
001760116
000263727
000971935
002605970
000652922
000213245
000179631
001679938
002630380
001660877
000701262
000402817
000673061
000621376
002605881
002627394
000701486
000174467
002436420
001749791
000319917
001947102
001901393
000168492
002490504
000186534
000271389
000260373
000970114
002491281
001090608
001011176
000187097
001901526
000271638
001919295
000184358
002002924
002020217
002118167
002239812
002329457
002610759
002616619
000674293
002528358
001529395
002112449
001497250
001927768
001739319
001072922
002353813
002367960
001425309
000354763
000266180
002444724
001953702
001402280
002306329
002177906
002362429
001912827
001804533
000365028
002460055
002557380
002557399
001615774
002225998
000287925
002512794
002051201
002172367
002112154
002468039
002372052
002490380
000508089
002053727
002691476
000186847
000255647
000272075
002058651
002021896
002390710
002390407
002390416
002390756
002390765
002390774
002332318
002427770
000181431
002658182
002616226
002487189
001599346
001596849
001599328
002563042
002549826
002135095
000471190
000761322
002179806
000184250
000476677
000186758
000229238
001424337
002423363
000592112
001400988
002710829
002016875
001873398
000224939
000397299
000310630
000265038
000625863
000934350
001344727
001880862
000180638
000233321
000168849
000168830
000187873
001606828
000172898
000466446
000168607
000344336
002000346
002471212
000590221
000501120
000421485
000809316
000644691
002232426
000213807
000186338
000263530
000186310
002666897
000263549
000434640
000752994
000186169
000213825
000176625
001555839
001730863
000727217
000538529
000538538
000714481
002658075
002490246
001638339
002605103
000630446
000303835
002411974
001474819
000842708
002635250
002156741
000407170
000294855
000960910
001926278
001138487
001425961
000908325
000392025
002623441
002211127
002308130
002349631
002582496
001419852
001990172
002585948
002571864
001776609
002348070
002321133
000237569
002256366
002651563
000610600
002165017
002681236
002456015
002528125
000176465
000984350
000176509
000186089
002481309
000476104
002296233
002254242
001309006
002346376
002387019
001619592
002298277
002683967
002710454
000312629
000603654
000758087
002489409
002332863
000705866
000995571
000296586
002596132
001002097
002161226
000278248
000808291
002536116
000540696
002407452
000689910
002116098
002147144
001542932
002025632
002627456
002002291
000651012
002003718
000623909
002534565
002633190
001149180
000180585
002164876
002491469
002572461
001332696
000560656
001482300
001482284
002360403
001843563
002471034
000240564
001595859
002534574
001682362
002343646
002226013
000789044
001304181
000468131
002512267
000688546
001629483
002416246
002559940
002268826
002374907
000254399
000307260
001221887
002119782
001962452
001962201
002493887
000557017
002212297
001730103
002038897
001797364
002640333
002307275
002210753
001192105
001759413
002560750
001995748
001401469
001571400
000575104
001440435
002269781
000290957
002054333
002578367
000237836
000434711
001110658
001555384
002422284
002471383
002665950
001221903
001208240
001712025
001227176
002535868
002535859
002535840
000304763
000480699
001188432
000687529
000462360
001792190
001491238
001597599
000431509
001486824
000173084
002614657
000638537
001191197
002244708
001786367
002619910
001626628
001790147
002225050
002049572
000351471
002341193
002566674
001978294
000744154
001915682
002228164
000177679
001060908
002017418
002182114
001916145
002668019
000181422
000383400
002499318
002407792
002356552
002356623
001659389
001982805
001700216
002711971
002726901
000697714
002498917
002692260
001929382
002658057
002238886
001911873
001911695
002108187
002167819
000174216
000198316
001178345
001169131
002411303
001380876
002549728
002111904
002269745
002153495
002546954
001994552
002300530
002005083
001876608
000273510
001189440
000713759
000917968
001927991
002079263
002050346
000307251
002319128
002319226
002699834
002319217
002368370
000842173
002597051
002684224
001247887
000229229
000389815
002623512
001856353
000723319
001989844
002406702
000620804
002416460
002064153
002640235
002550378
001866986
001527351
002502769
002421623
001187077
002565371
001608684
002637294
000364243
002428519
002623521
002675690
000862482
002495607
001763837
002610786
001317168
001757415
002536358
000700030
000276222
001158849
000178310
000401229
000396478
001116072
002546427
002537599
000240402
001524961
001476460
000520725
002595759
001935651
001177533
002588838
002359942
000758587
001187120
000420557
001059287
002451743
001764407
001591997
002109168
001465856
001804864
001900965
000640908
002065974
002694633
001602662
001341588
000750361
000360818
000501040
002257007
002363713
000575506
001755551
000384016
