15590
9316
10303
13647
16124
42374
1505
26823
16660
44861
60214
57819
27086
28758
14539
3762
37234
28736
27098
1190
53434
65704
2609
58614
37014
40820
28517
38244
50599
59014
28690
53955
39996
40735
52499
16118
14377
28372
42215
50075
59737
60095
15986
52198
58043
38187
65699
13746
33775
46875
40263
1570
3635
38978
28550
27867
40996
56856
1188
7396
59717
45135
14427
28819
28840
63582
63114
45825
52718
50598
50596
50842
50841
59345
43035
65839
26193
27635
59584
42515
54075
58598
1967
56375
58574
64174
36574
415
52498
43156
3696
58195
63581
58235
28906
63834
63155
53634
26407
56194
14864
28712
31734
38074
14941
47054
65376
61535
47175
3837
13185
13572
44374
40094
54716
50279
50278
46297
15663
27474
28771
40156
13748
556
57015
62295
198
1790
44874
13387
6727
1895
27168
65437
40282
65334
62955
57400
59955
62816
26229
10160
15143
5872
290
66078
1341
1055
57357
28773
62314
59638
59456
28008
60657
8093
57336
45797
45794
45816
45798
45799
45795
45776
53515
51454
52396
9975
56454
37076
28804
59357
1611
12572
52318
52854
54394
15231
57859
33755
63314
28774
27888
52519
13831
8891
46074
2795
42915
50257
57962
427
40979
46094
13260
10826
60374
2360
1599
1399
27504
53659
30455
28106
14996
53015
59279
65679
36754
53023
33534
52441
28775
16655
6565
14493
704
62154
28198
49094
65258
38400
63635
52934
59325
59324
59326
59329
59328
59327
46495
48216
50795
52266
52265
52497
52267
52496
52495
3847
3679
14057
59429
28833
42683
36797
28691
62234
3666
36855
28405
4273
54615
36074
61155
16402
37016
27738
27937
9133
28734
57888
2727
43654
36194
40514
61876
46457
6609
50234
61454
1458
28799
15691
52719
39165
28272
31014
28614
59297
59704
39238
35674
30244
468
49815
32634
46877
58021
58020
1750
475
2164
3849
27434
3890
8453
34635
59285
64634
13900
52755
59330
52754
1413
10001
1758
6271
45058
63577
64214
65416
63794
40212
38594
63014
28508
64754
65698
54715
8043
60114
59534
28357
12473
55934
28401
1430
1501
27293
38509
65705
59495
49154
40261
59294
28671
28423
36635
13886
63374
16190
64134
55279
50274
63974
62216
28855
58455
12802
52675
28356
63619
64435
3634
53095
27539
28886
27521
29323
27509
55075
65276
16688
7235
60074
30615
49316
3653
3703
48218
49896
46196
30916
28010
2942
42423
15554
9769
38327
28884
30014
43836
26497
11857
3629
3522
3658
9792
8393
42741
3856
61894
9696
833
49737
808
34334
43235
8739
26652
2721
28441
45014
54994
28224
14728
41834
15622
8303
40965
27044
30009
51677
30032
53274
28075
41798
37077
53254
16338
28127
6529
367
36557
59292
52774
45715
1853
5966
54699
52635
38250
45697
64194
63554
35516
15614
63315
56917
61515
48118
48054
4116
27594
30216
34834
31514
10976
43814
28109
64114
47114
43097
26983
47734
26793
50275
14623
59455
8887
14530
2861
32595
64694
63676
30069
53354
27974
64014
26882
53076
28871
26169
27186
65295
28457
59739
15723
26954
56718
56936
41119
63255
38257
27885
6227
14402
7180
59535
28442
28440
16342
64474
40241
59834
64195
8972
44435
41315
36695
40243
29023
2483
30298
27654
16030
59596
3933
63074
63034
29662
58383
2709
28807
63576
57794
50334
3632
3861
3313
65758
3816
16502
2405
32394
26294
58399
3579
3558
9159
9162
59795
59227
43934
36594
28646
1506
50495
28889
2140
63796
150
40446
57798
6384
61874
364
52500
40394
59634
46654
606
26179
10291
1023
40554
40448
52059
57360
54700
13646
50136
3565
27431
28776
9989
15782
62415
36674
27975
38982
2768
28777
6737
28778
59283
46674
59284
26439
57456
10980
13736
27862
14832
36694
14484
34115
35135
12985
15341
1812
56695
28837
62355
62555
28053
16637
26258
26641
63658
65880
46857
59900
37938
65134
63617
34637
53517
52395
65381
16488
27527
65697
56836
33834
65536
63535
59722
59895
8664
4079
4318
51214
60834
59592
7968
65622
27407
65862
27766
59639
59581
37915
26637
60836
48374
58036
51174
60134
28780
50834
64274
15238
52501
28496
354
34814
64135
28471
32055
55815
14374
41014
26608
65075
65214
63615
40859
27920
36814
1028
26238
28831
63317
56334
61434
30714
2094
11644
2836
42035
52734
65078
16697
59018
11757
1738
61554
14668
63797
49335
361
45160
28801
53099
12145
27557
3044
65598
9211
26780
65617
7909
66057
38097
62815
65620
786
54374
53616
28563
28806
348
52637
53536
1344
27649
16316
7443
13652
49374
36954
16610
54255
45034
53557
42654
65778
64735
59575
31534
1500
42954
60894
63734
60875
28648
49195
27779
15564
66117
191
14276
59036
7432
11931
11385
59518
56034
14734
54175
28451
1779
64914
59423
6499
57034
15423
63614
11054
2662
51956
57455
27144
64674
41454
59623
26668
13603
283
28274
46075
16445
14947
13167
11264
14540
2887
65216
3016
28781
12306
63835
36734
27901
15374
36615
65479
15616
27326
52060
39166
64815
66017
63735
64295
29963
14970
59378
109
28416
28623
28782
59155
52502
28562
4913
34195
28802
29803
61037
26257
15576
4661
64357
63754
60757
52503
58376
39896
40864
28374
54894
1826
15465
44456
27835
64354
59182
28466
26352
310
7548
58234
41116
47994
30438
61494
11784
65621
62034
59674
41435
28783
50734
55055
38402
59594
30614
65215
49434
3636
28085
43036
1405
13211
49196
45898
649
40314
28785
58397
56994
45201
57194
13094
54375
58316
11258
44994
43034
38408
49016
40805
53294
4296
44495
1955
12578
13318
37455
36354
28322
9501
28675
57018
59457
30029
59291
280
7074
42679
28124
30023
50314
4849
13854
27747
59854
64015
6161
30555
46574
15428
12085
2808
28065
16308
37315
65014
16091
27704
26212
65314
45714
58594
45896
59656
61595
38715
63595
57435
2731
27673
48675
3802
52634
39495
3708
38174
28739
15047
1121
28463
41514
59699
53074
51697
65356
46557
14749
15637
47314
37635
3525
32434
16294
8081
3602
52795
52794
28093
28133
27776
1189
1203
3589
4092
4237
27768
3823
64314
28770
3617
37314
44514
36697
7402
37974
34654
57916
36075
13631
13325
27989
3616
1148
3660
52504
59179
13559
30075
35634
27383
40157
26781
1732
37614
8407
65360
59215
59636
13482
64358
38236
65623
64736
46615
62895
51678
32854
28756
15165
65838
27646
65055
65881
40817
13466
62514
55317
63095
14438
52397
62734
59576
3717
3889
3740
4281
55594
28571
45796
63174
54537
15426
47674
64258
44455
30597
28869
45177
64597
48116
15790
12751
59366
3019
63814
64257
65294
59229
16160
3490
52505
28443
14390
4209
15890
15797
15799
15796
2349
37134
65234
51694
39695
63659
63874
14765
14182
2507
47520
13336
29842
26779
64514
36975
57594
27232
28358
27002
61575
60655
64536
52574
28577
62715
27836
6527
13224
15096
59694
36816
38814
49534
26433
27930
28217
31215
29482
57879
49715
45717
44815
11665
32196
32015
3925
30074
28653
44975
42335
26965
54714
58005
65700
59263
26306
63657
36357
13309
66039
28719
51994
65359
798
443
65377
3718
27056
39337
1878
14763
2046
13588
15941
9602
44659
58715
59420
15235
27093
59914
59276
13715
33138
65015
64356
63675
28572
3824
3622
13480
16097
34034
44174
16651
56758
64255
2746
30637
65740
40997
41020
14511
45161
31475
27133
56114
57515
63414
28962
37015
58874
27987
28830
65436
37376
36335
53075
31295
27185
311
11398
1368
28017
57401
1334
36374
3523
1923
13868
30198
52506
28786
27420
58156
39274
63660
63656
34754
65857
28696
27468
14310
46556
39134
14405
41715
26574
63455
54334
15141
930
10024
54701
61315
52855
14900
356
3810
14781
64054
44974
28915
51034
15395
27264
42537
52856
14232
3711
3691
36434
2422
52517
52282
63795
50600
38515
63575
13272
65016
39275
14075
9554
32454
13793
27958
59145
31774
3722
3630
30077
53022
14940
60094
15161
63578
63584
64654
28308
15057
15058
10828
40262
12890
41134
16486
919
3914
3906
13633
37254
28511
65597
65254
6888
28787
41745
41743
41744
41751
41746
41749
41750
41747
52518
37639
28742
36034
43319
58758
14177
15909
28488
66019
65599
65277
65896
26856
40392
65379
53021
48674
45614
57559
15825
1291
65255
64260
64615
46655
58775
65856
53002
52998
53001
53000
52997
52999
52915
53014
52914
58654
2479
3839
61576
15714
1791
57755
2420
30095
61615
57694
54434
28686
28294
1210
7279
28789
60274
61455
61594
27422
59855
65860
27520
28790
33136
26828
64254
28468
62475
11105
65678
52197
64794
52655
52814
59323
28791
28444
3846
32874
53096
13492
65616
1807
59842
59320
54538
55354
14766
52542
64636
62774
43855
44955
52656
46499
46500
46497
46496
59364
59354
59356
59355
62296
64256
49015
48274
65378
59657
52283
51415
28583
56534
54539
1442
585
64734
63579
63655
64434
60318
8250
28144
64196
45056
10817
47636
57698
32756
47354
28000
28652
28547
27887
50356
65080
45059
60235
56961
28761
62256
9323
10400
15430
28792
36355
32896
38332
14605
15687
13740
64056
41182
44695
1911
867
36267
13756
40635
28351
4455
30174
65398
13383
14903
14354
26875
9218
14201
63534
27711
3447
36017
59703
29003
37294
28909
59414
15584
5685
13576
65861
27278
2154
3368
62834
63054
65079
38840
59015
1426
28570
48337
38422
28904
27131
57254
3189
27090
28561
63583
27207
35534
60734
28573
56937
15517
58137
13215
27259
52534
42935
44938
7593
55274
10825
3485
44454
39935
47759
52974
47775
53579
53003
47757
47694
15371
51674
3597
1553
10194
127
57614
51614
47914
11225
63654
65498
1209
60494
59706
59375
28626
36263
2739
16510
63316
16621
59217
33815
15363
28560
13135
12128
59150
28491
61995
51794
14545
28543
38359
66058
2412
63256
64854
59637
955
57115
3350
28750
28397
59654
27667
7046
37316
1643
28793
63234
63580
53576
64055
46114
56938
57881
59094
28155
28713
58154
13906
11030
28273
36055
28033
1916
3671
11184
55216
46934
44095
7204
65516
13661
58380
53675
58374
57940
59715
62814
14041
58134
28574
56859
28794
30246
40818
4094
62254
3130
30257
28402
59817
59415
2710
65776
14120
39997
62874
49034
45818
45819
45820
45824
45822
42062
45692
45695
43957
2534
62674
62616
14448
59774
60674
40195
48716
62994
28922
14059
45691
66076
38480
53494
50276
59358
56881
44515
52639
61077
65703
60715
56814
40355
27657
62995
64359
107
37534
54702
14031
60319
52442
2596
27451
5819
65497
41016
28235
27549
31134
57597
30195
58385
57274
63235
27070
65879
33714
27310
14725
28116
27724
28001
59315
1764
881
12348
4826
27626
59254
38041
28099
30094
49174
63478
14300
28412
63514
13894
33135
46856
58995
65177
34674
27467
14259
8282
36616
53594
56294
37494
26968
27674
26987
27827
40637
40638
32714
26760
56874
49695
2182
14964
37114
53637
907
2104
38479
37835
38996
62575
1806
52139
27671
44935
3267
777
28744
47074
11752
28030
26966
28580
58019
15998
29802
27905
34234
61854
28728
59994
38478
15109
43956
57922
46502
5798
37634
47856
10248
37075
28559
3633
51134
895
15729
61875
8504
61574
64455
9642
37615
1338
1797
32175
51775
60354
46434
60174
782
45999
29163
2199
15305
63954
64537
27512
27929
28199
59178
53834
59177
5688
37515
52035
29242
58044
48336
34175
3773
27640
61974
27588
28499
33034
41799
45595
28445
15345
52445
65701
64954
66059
28532
65702
46458
64814
2472
63076
65260
62694
65438
62896
65619
64534
64614
64535
26357
29142
40518
651
63556
45316
63415
62556
64774
4004
4286
28203
63674
1311
30249
1
50595
58194
56916
43154
46316
65956
36874
65876
65739
40137
27662
2008
48214
41374
63634
38636
27242
54634
66037
26521
13994
64935
11896
28506
29462
56595
59220
65978
64035
27908
30044
35359
53020
31863
53024
38181
33114
58915
52259
62594
65257
14700
66002
59698
64637
59916
39334
53018
30031
65054
10673
30299
608
39800
38375
14287
4008
1113
12736
1775
46474
28050
49437
55095
53854
4272
28009
61954
61955
57558
428
47036
37095
50280
13414
64259
28795
55374
6659
61814
41734
28805
62297
30479
60774
28917
65976
62534
46219
27632
41778
59236
53097
30476
46231
28924
59293
46220
4278
10807
53214
46238
41875
52694
41777
59437
41775
43958
46236
46379
41742
28458
53098
14575
46239
12421
41774
41817
41776
41874
63338
41876
62614
59436
46221
41779
41741
60776
11811
60775
47695
15380
28435
56176
59234
66096
66097
66098
66100
66116
66101
66102
66103
66105
66104
66106
66107
66108
66109
66099
66110
66111
66112
66113
66115
66114
65274
63318
27311
45455
63677
3078
51194
64595
26893
56554
59286
65618
26410
48535
11627
63134
55834
28446
483
59814
50494
51035
65878
52717
14631
46254
28296
14881
9229
26151
26377
28824
61254
29002
59340
3061
55280
57361
27978
15771
27510
59954
27677
66038
28796
28515
52264
28821
28797
52507
44735
2148
40361
30222
44934
30079
1778
57915
58674
50277
665
26815
63694
12153
1083
53894
45914
30007
15359
11451
64594
13542
28640
13302
64675
58395
28740
55278
52508
27040
59539
65357
28798
28913
272
57495
368
50696
53974
16089
28875
49794
64596
34514
3763
14128
43435
26369
56935
54739
62255
66077
57754
51695
16305
28578
28447
40661
57419
3407
1921
65094
28836
3474
35974
28861
1078
15265
28579
49819
53994
39936
59225
28378
28860
54015
28379
57537
59428
59222
59221
35976
50840
54014
59218
44842
28386
59424
28384
62655
35977
49895
10761
62897
14688
12139
140
13957
3835
47814