44590
41012
44078
38310
44095
15485
17670
44742
16949
36688
17667
44532
9010
16406
44337
44311
35966
43030
44031
15943
44402
37083
44717
44089
42641
44802
44771
42640
44135
44156
43286
44451
44770
42673
44355
44342
42750
44567
37686
44432
44096
44153
44261
44527
44189
44172
43334
27445
42427
44580
30798
41926
42983
43603
39539
27978
42865
44413
42172
33522
39812
42904
43927
41139
39317
41071
42365
43901
40530
44434
40432
38636
37587
44245
27340
42542
39339
38320
42037
42294
39115
40059
35708
39111
44489
43866
34277
33037
41191
31666
36205
40969
36759
34476
42737
44574
42622
27371
40429
40706
42277
43832
44262
43962
40724
39721
43475
39258
37362
42621
37786
42235
40088
30443
40927
43731
28623
43963
41988
42736
38844
40645
42893
40963
41173
44347
28615
42417
38033
41019
42153
41312
42533
44469
41576
30435
42557
43755
32969
44034
38344
40995
35601
43472
41339
42309
44586
39964
41954
43987
42703
33122
44339
35146
43227
35427
37719
37197
42310
36510
39552
37014
42106
43961
42102
40705
41825
38898
27849
31814
39284
30028
43854
44341
37283
41235
42453
40836
44247
43902
43275
35264
30860
41373
44344
44448
34847
40280
42412
42394
42013
40835
44188
37773
35807
40115
41171
40999
43988
43483
42369
42087
40846
44633
40318
41219
44608
43724
42352
29594
27424
