44472
36396
35291
37208
8479
12068
34888
8679
8502
35727
19223
26334
26308
24667
39547
38328
8276
8287
16610
20535
31477
22501
25469
13975
29653
8712
37761
42096
23893
28543
34519
35953
37229
39009
17054
27037
8079
14404
39737
31766
43995
20848
16850
25790
18017
40997
43912
40461
33248
9260
17028
40789
38189
44030
39305
16640
42630
35547
32054
44103
41699
20041
31309
41940
14743
42437
18081
37681
42863
35068
8884
14480
41287
41309
41384
41254
41248
42296
41280
41272
41335
41255
41258
41261
41263
41322
43768
41274
41251
41267
41299
41275
41256
41247
41290
41249
41300
43881
41301
41279
41277
41273
41298
41308
41252
41323
41244
41282
41291
41281
41284
41259
41292
41266
43769
41246
41294
41286
41271
41269
41253
41245
41242
41257
41288
41262
41383
41278
42243
41285
41243
41283
41293
41302
41260
41268
41250
41233
41289
41276
41270
41325
42719
43709
39450
24156
24155
11659
11660
11655
11658
27697
40934
40702
40660
23080
15563
24258
33720
35687
38885
23750
44517
34834
44249
38367
38677
34025
41678
20334
35664
42089
41343
39817
34991
42099
40871
40472
41693
42446
41165
44521
43989
14585
11374
15879
39820
41027
42167
41771
36997
39386
39247
32781
39708
34681
39398
41934
29376
18934
14485
42682
27175
42591
41119
43923
24298
25142
14633
36929
22004
26016
36412
20781
35142
38089
37434
37436
38295
39381
41939
39210
9204
19310
35868
36777
15590
16019
42202
38714
41983
42049
42032
11703
17676
34880
16605
16627
16624
32761
42211
42212
42209
42050
42051
42213
42052
42215
42216
42217
42053
42218
42219
42054
42220
42214
42221
42055
42056
42048
42222
42057
17120
17933
34351
33821
42522
25210
39690
36546
35879
43803
41847
23844
14151
17638
31759
36625
41434
41809
33832
25255
31258
41974
32739
40893
39846
42414
36521
19172
16194
44414
32452
35761
43802
16866
44376
25476
42545
43808
41909
26033
44088
42101
41369
40303
21654
43934
38875
8001
20295
12942
9239
8377
24455
25128
25678
30401
34177
17033
41660
23827
38525
24257
14180
25183
24203
15862
29501
35628
39277
40806
38408
29343
13024
43695
16844
29129
23231
8590
38539
40921
35839
31807
39194
38192
39079
36922
19857
26343
28315
22157
41060
44082
28572
42168
37848
40544
40540
36509
44277
15024
33493
27619
41873
34833
13627
9885
28594
38099
38100
39173
40941
44045
40585
36489
24577
24866
26335
11232
33437
16307
24029
23903
26301
27638
18162
32949
40017
29084
33063
29093
28964
32418
23777
32130
25417
42182
42183
31330
25419
29510
41887
19047
39940
19629
41613
32262
34892
35437
35438
36399
21979
19694
36895
42171
41437
21474
19398
24081
39612
40338
14305
39996
26183
24984
40263
42034
33827
40885
40046
40044
40043
41241
23650
40058
36184
37898
42444
42159
44289
30603
39068
37556
44212
43845
44254
39608
42007
43062
31295
37369
43973
21897
41832
25495
29130
39335
11493
10033
8815
11550
37466
39795
32860
11308
31115
32046
24626
18068
24624
8209
8958
17880
17677
44024
24030
25784
17565
37888
11755
38859
23449
41915
43843
22024
39599
37938
21002
40407
43720
34152
24967
43757
9116
20931
11800
38984
37503
39881
9153
42281
10111
10483
10484
8726
9122
8654
38835
38834
23047
9115
24089
34251
39059
36404
38288
10284
41876
26414
30909
14927
42070
35809
21056
40776
38678
23053
32361
40512
42042
43638
27798
31978
39853
38514
8991
41559
15623
40020
41662
17537
33477
35610
34143
38500
22792
41750
40070
39349
15696
38452
42098
24250
34421
44255
40960
16887
24910
17506
14487
32945
15742
42319
42438
17068
8878
35435
38355
34538
29010
24925
41161
29313
26344
37602
11078
8057
12286
18771
42527
8278
12450
14023
15620
19345
20702
23901
24335
24004
18776
18778
21638
23739
29334
37730
37731
39378
39844
42197
22896
18772
16016
35298
40661
16526
9484
34919
22926
13500
18136
20752
8228
41101
21062
26180
35065
39436
8526
8478
38987
20138
34034
24758
30395
37328
35612
28570
28259
40870
25659
28260
33604
26169
43211
39161
41082
44452
25896
32464
29710
25258
14605
28293
8490
8404
25455
27607
16459
24171
9485
28885
29677
13499
25201
40498
42193
9314
41159
42230
9696
33618
33617
33621
9576
9654
9655
35429
35391
35378
22304
17263
22318
17509
17511
18718
33616
33658
34877
33619
33620
8586
29117
39298
10900
38306
26946
41689
32241
22542
39341
39692
8383
42814
32479
16885
8805
16478
33843
8221
19568
17939
27055
33339
36943
22190
29738
41777
17777
16403
14436
16127
16462
8378
8439
8244
10128
36312
8020
42561
42562
42560
42559
42558
15675
29844
27389
8604
42570
8297
42318
24184
31913
29513
40414
42131
9415
13230
16054
9699
15920
10123
8060
8223
14292
25036
25466
8230
41696
20987
34703
31931
32770
16891
42617
42015
25231
29502
42353
31314
34868
35246
44599
32780
39228
40264
41595
25737
17454
25042
41925
9460
8249
8821
21717
15346
29678
34759
35670
26282
40107
38613
41964
18712
27490
22715
40393
43745
16474
42074
37416
36378
36710
39233
8864
41973
35925
14392
14458
38155
39901
36528
21485
39168
36076
43069
42595
22914
27706
36769
15630
29110
31102
23264
42041
30911
8492
39433
36836
36653
18996
30556
28860
29762
39010
40551
41959
42881
34917
32042
34085
29717
44439
38820
41390
28954
9947
40258
42465
42358
39155
41210
18113
41677
40830
41529
29046
42348
8058
23110
37419
14442
8957
20714
24031
43968
22102
14488
33816
34932
44206
8963
41889
40952
43839
43896
35309
20830
42659
33434
40316
40915
42776
10252
30065
38509
39982
40010
16656
27459
44300
37319
35562
25461
15843
41756
20543
42732
36008
42540
31103
41456
33188
33688
18921
13711
41086
37759
31944
42480
20575
13665
23996
30400
37606
42343
35832
41025
42371
40827
44470
29282
17255
39120
15878
36674
37475
39230
38648
17540
41032
37535
37228
34990
42374
21671
37065
38130
41332
8568
34792
41686
44548
44252
44070
42470
42857
38141
42307
39320
35019
35201
16505
16509
16506
12986
19036
31337
32613
32549
44383
42164
38808
39080
40231
8319
13409
16187
15842
29115
23355
17660
40308
41056
25038
40478
41052
37787
27780
25090
40441
36208
36906
31731
41949
41904
41579
36433
35126
43813
38131
36163
33007
44613
29586
44349
40007
12691
32134
32108
42471
41898
27596
32207
22168
24198
14857
20698
16870
22074
35337
14025
14026
16872
22075
27597
41838
25486
35119
41780
18790
33179
42648
36281
41418
16510
40825
33065
37307
41766
18112
38504
8486
36806
40679
34388
28810
20954
44737
33026
34075
8959
19860
16237
44465
17572
32531
27218
15129
8123
18295
26340
31233
41104
29317
44458
43782
20911
30987
17656
42226
11994
44479
39926
40346
16956
38231
17211
35561
9096
43838
39651
8000
8134
44205
22162
41921
32013
35403
40211
40212
38973
36938
30730
21639
16195
32256
42104
29140
39567
41621
36771
41414
15992
20936
37214
13272
29319
40778
8516
29581
14389
12785
41417
10901
42403
24609
35697
41871
40061
40537
37631
31684
40732
41130
42688
29181
35382
32043
10585
35833
40481
36721
37946
11712
40110
32877
43941
17809
19317
23569
36173
39976
39250
19056
44258
8424
41149
41688
18432
15203
11707
21845
41978
33187
25127
40286
33374
37182
43957
26337
8062
42176
20809
43911
15709
23289
23586
39657
31473
39336
16655
10196
36030
8825
9272
8461
11146
16841
35043
32664
9142
16385
38657
41145
27428
36069
41331
13890
11147
28261
23274
9841
8204
17653
8627
8104
16939
32686
10398
42488
41573
25645
40403
42329
18925
37479
11844
43991
40556
30618
36814
44290
41818
38162
40555
15183
23598
23741
26357
15547
35247
38127
21444
42633
8843
37194
42269
23381
40457
35155
39481
15982
22493
8923
15624
35945
44283
41694
32076
36894
38578
41108
42661
44217
44033
8090
43771
44537
28943
9085
38727
23626
8714
18618
20862
25413
44185
44177
41110
43842
32414
40910
39897
44010
44009
44011
38424
21669
24907
12457
17474
23270
16962
40566
8292
38558
38972
35402
15976
30913
41741
31467
15181
17543
41912
33518
18551
8467
22681
22689
14868
13856
44483
39753
36066
37839
22093
25237
9039
25236
9652
11581
18868
44168
40813
28496
39653
29145
8294
10229
24056
30182
37255
37161
37159
44253
42203
22111
43885
42485
42577
40575
18084
14409
25629
25630
8642
37019
41077
8392
14746
32442
41454
28546
37459
41536
44401
39388
37337
43871
29086
8639
44350
36118
28975
40383
38775
31970
35255
39617
23324
22900
38761
27040
42095
42993
10162
39710
9349
40302
40071
37521
35535
38406
34385
9477
41007
34590
8059
44159
13899
34347
28775
42436
16477
43727
44280
31622
25720
42165
26085
36786
35350
27463
43781
31408
42413
41851
22553
34048
21079
40387
24377
43125
44612
43894
39835
32252
40971
38937
13388
44334
38750
39280
36374
20347
37291
30803
25965
43707
41950
17224
40151
44700
43005
41131
34212
41810
11862
33987
32760
29032
22164
44006
22147
22148
22145
22151
22152
44005
22143
22153
22163
22146
39839
44652
36554
27593
27592
23807
27599
27598
14803
42635
44259
42166
39014
29318
33733
19515
41819
41264
44446
41057
30572
32925
24458
24052
35282
41156
43884
29382
44229
44260
30571
42598
31797
44388
25974
38350
40456
9380
33896
13928
41467
42195
15602
11460
43746
14762
34176
44037
40895
43857
18142
15040
44632
21194
15041
44631
15037
15038
35448
39156
37828
32919
14831
35848
15637
8103
11665
36116
41146
41226
44026
44498
38399
39101
44039
42593
43773
44547
39441
42239
44362
42083
9365
40944
8329
25409
8966
41649
38472
40632
41370
25391
41393
44015
40075
8425
41816
24165
39015
42206
40500
33373
16963
42109
44276
42616
19255
42574
9923
20519
30622
9019
8789
8787
11382
11383
8293
9711
23649
10174
10767
20200
22307
31278
8954
9466
9231
21950
23786
26061
8337
8518
8786
9702
10676
17245
8664
8852
8979
9063
21909
9017
9183
9024
9244
9364
11689
9240
9353
9206
23430
23431
10241
21932
8933
9201
9528
23429
8788
8814
8301
8810
8838
8671
9313
44627
40691
42477
35289
26002
42566
41701
16805
9247
41201
39718
39871
39286
23743
14761
33442
27685
40655
24118
37368
11000
12956
14945
12468
11255
9476
8822
8835
10772
8703
8886
11318
11370
14150
10980
8906
13833
11070
14135
13997
13630
15814
9046
11998
18165
30595
36677
41932
18155
41572
15725
8073
44181
38205
8638
40962
31221
23330
30569
37473
41687
35982
16475
18993
27943
42072
30354
40499
36925
42461
41731
41726
41732
41729
41730
42291
41900
24663
33834
33585
39621
8453
23899
40881
44239
38915
42431
25341
16622
23707
36741
35318
36220
44397
41996
31349
41445
38379
40237
37746
25732
40553
38418
40582
36129
33932
35367
31724
44480
34210
44143
40793
40656
26056
35908
44186
43565
44110
43849
34033
44036
39227
34124
32388
8651
10757
20823
32192
44374
12851
41979
27036
33822
37131
15734
24593
38422
40722
33805
16361
8833
19535
40792
39527
25738
8089
43877
43532
24841
25193
34019
42014
26034
16572
43924
44620
28195
23163
33560
9236
41117
41435
32083
32593
35197
39526
43913
40354
37181
23246
42071
41610
16593
39841
40546
26138
40320
16491
39859
34672
31898
41784
21152
36684
41999
16660
34254
16666
18186
30125
39091
37534
40687
25157
23164
34470
22027
27117
39922
20906
16682
22025
42275
27119
39132
22026
23147
26090
25161
36691
25158
31669
24130
35160
43981
20907
16684
42035
16665
24131
39924
27118
31671
16663
31670
18187
34257
23165
18188
25160
34256
27971
35476
35477
35479
35831
16260
34515
39082
16683
39220
40535
18509
37257
35782
33588
41783
20211
29312
35052
36401
19266
37134
43726
17201
16824
15153
14069
11737
20957
24423
17200
15469
42292
26120
39236
39988
16129
16180
23285
23286
40797
20832
44602
44378
39613
41977
40525
29247
39997
14755
22410
37103
41829
17848
8504
25894
10352
38863
37044
18203
36924
38332
44087
30952
37571
19685
41133
23216
44416
36466
43953
41680
25627
43734
38361
44207
44493
38362
36125
41980
39756
44436
32954
40251
40909
32948
43252
43652
29033
36874
19301
41739
14531
41883
15168
41975
30388
41600
41348
41874
41793
41800
30890
23006
40435
39171
33458
42599
36727
42179
44129
41907
35924
43870
27439
37026
43893
44182
10124
8557
38402
37772
8827
42200
24676
37687
38855
43823
31808
39099
44466
8431
40558
34071
33878
42076
42078
35521
40736
40108
42067
42003
34238
16476
44522
43846
24053
8552
42568
8550
32545
16998
8713
26110
23200
18196
38924
38082
41870
41850
41457
39962
41963
43956
32786
41953
42110
37256
33819
9562
9599
40467
38457
39694
37403
31952
44606
36091
29608
29207
26035
29031
42583
29906
34258
25775
42663
40775
40774
40906
40907
29128
40241
37827
8685
14086
22491
40419
35731
43933
8736
33044
26087
31452
24631
38975
11534
37694
32741
39178
32112
39177
11091
34550
32091
15724
25208
34947
22112
36849
29157
17531
10896
35046
9174
10572
30925
8323
40245
16058
36297
20376
37845
29038
35461
38330
36954
41661
38473
39359
14946
36245
40430
38712
16009
42442
44492
33639
36426
44281
20810
41792
35473
38084
17721
25308
39627
27628
36502
34002
44361
23190
21269
39138
34817
18590
16017
40762
43880
37331
20415
9683
8289
39419
8860
32933
25601
8938
18229
29409
40545
9818
37394
16020
40554
38515
31545
38229
16128
27736
35164
43928
42892
9343
43841
18914
17499
29609
13992
26125
39587
41641
20961
36819
18037
29649
39742
33202
30529
9172
39936
10596
11942
17894
13477
30544
41603
31324
40036
43960
23673
41960
27250
30662
36900
22861
21691
30559
32349
30495
23839
22705
35668
39896
44543
35454
22511
24147
15199
38857
41206
19763
37760
40716
41098
42411
23695
25707
31357
44240
22945
44623
13419
39883
40246
33016
24045
42877
20322
35882
24354
40300
22866
38634
20736
13877
20861
40207
37511
41805
19811
21692
31384
27050
41759
19871
16287
29345
41747
40054
36980
13341
34001
42878
37921
41021
30663
36253
35867
38823
31109
40768
39534
30870
41225
15348
9789
42293
18380
19278
27833
42331
41634
29481
35213
44085
38081
18897
30751
42140
36526
30510
15420
26922
37187
33707
42160
42225
42678
43765
44061
25028
30605
44394
39459
37047
26241
41724
41048
44128
31519
36839
26252
41714
42325
25329
31949
44565
41439
30279
19943
31083
33574
25969
9842
43721
30686
41749
41836
28687
37024
27027
31625
30128
44525
30614
36424
36503
42457
41611
33629
29667
32177
25402
37826
14230
34105
44634
35293
24084
40966
23799
23637
21135
44535
31929
42649
37288
40832
29287
44524
41893
33226
33764
20110
37057
42588
32198
19171
24713
20467
39103
41837
32069
34231
35004
25679
34639
23493
15246
42474
23345
40312
30241
24563
25512
36517
41344
28072
36430
32912
18757
22771
42426
14310
31040
17258
25769
8817
20301
15026
22682
17127
31569
10452
41685
38681
19322
18161
44552
44369
25051
26432
26355
43935
34685
41826
25503
40896
28379
42684
40802
37645
23696
44592
38939
14312
34353
20297
21524
41901
21841
24163
44016
32096
30600
34873
34799
38572
41897
21791
37716
31656
41452
20082
16420
41532
41493
37269
34774
24006
44244
22790
44526
42224
43711
36803
20031
43233
21921
32094
41548
14754
42852
35140
19775
24916
19925
21672
37822
27180
38998
37043
36634
32477
25648
15714
31394
20465
42297
44570
42856
21646
33752
41606
21448
30682
24332
37186
36950
44647
35563
41234
25057
39879
25786
32766
39893
14637
35972
35578
31352
17130
29563
14299
32200
22005
19010
33750
16985
17754
41046
30981
44013
24289
20671
30671
41154
20230
36499
33004
27535
32354
38946
25686
29148
32024
25595
31020
32633
41511
28264
42301
43718
36187
42655
39443
33788
36174
36062
22499
36921
35698
40357
24826
34232
35643
44164
32713
19120
31923
36774
41846
22750
31963
18268
34339
18010
31607
44456
32387
32222
31097
33726
14548
25960
43932
37522
21174
36804
38856
9550
41911
22423
30494
41126
19531
32072
35987
37788
19799
41177
41748
29331
33219
42009
43170
42862
42080
35460
38025
27476
41672
43861
32532
27816
41516
33358
31354
42288
19028
36823
34666
27467
39366
44141
29407
36835
35130
41556
35971
31782
29176
42029
32427
31130
27752
43875
18883
19696
42456
26431
39667
44221
34501
38094
36751
43495
36165
44336
26162
34884
42580
21530
19388
22973
38565
23776
23203
33784
21227
42273
39070
24542
31778
44130
37153
42027
41460
44511
35172
22865
36766
44395
44514
41477
35798
43796
39553
41843
40190
32136
20598
34923
33469
32034
30274
27383
43752
33015
38907
42086
23800
44377
36487
26397
19063
26053
31144
26046
21035
18512
37264
33194
41803
41334
36339
32516
37414
42113
41320
41541
36956
44223
38429
36272
42816
40811
42523
31543
42372
32607
38581
32861
39328
18879
33998
13339
33341
31930
41103
24005
43825
25979
15272
41363
43865
31606
33516
35076
24270
33213
39013
36519
31249
41487
36212
10964
11527
10493
41562
44454
31196
18381
17548
26151
40803
42265
26150
16044
15115
26149
39204
43741
35079
26083
39985
41797
37612
34478
36941
42002
44304
41482
41781
9507
42091
44003
42036
36314
40614
41970
35032
43908
33592
37236
43967
43985
40767
35257
43700
41997
15731
22521
41657
34532
31222
37497
17685
42302
41512
41089
25483
41037
42084
40930
40805
41398
37949
42388
38132
13822
11414
42180
42262
34447
44072
40779
37453
34520
29246
37500
19997
11517
30912
44431
36072
16358
39064
39124
19650
19650
30291
16479
10081
34997
26419
15999
14693
18193
39735
43722
8802
38819
23774
8273
27417
41806
8778
39034
39772
32810
41179
44301
23553
43826
43827
17399
17426
17362
17393
17442
17397
16200
16201
16202
16203
17365
17382
17368
23235
23236
17439
17371
17440
17423
17335
17416
32964
17446
17420
17364
36667
27895
16204
27904
24322
17339
32965
17421
17441
18418
25623
17340
32966
17419
17385
24321
17349
17413
17411
17424
17405
17366
20969
20970
17447
17432
17417
17338
17412
17384
17386
17367
17410
17402
17369
43978
17415
17373
16205
17346
17409
17376
27902
17394
17343
17750
17751
17348
20189
17448
18416
36666
17381
17389
17406
17392
17336
27897
17396
17337
17401
39226
25362
17383
37751
17370
30504
17449
17398
32967
17388
17345
17422
18417
17372
17403
17361
17387
16206
17437
17425
17404
16207
17400
17407
16208
17443
17344
24320
17418
17350
17378
30142
17435
17414
17444
17379
17351
17377
17430
17434
17438
17374
17429
17433
17408
17391
17375
18414
17390
17352
17445
16209
18415
9973
21316
27315
35660
39346
21612
24706
16517
17207
40978
40418
43907
22590
9677
7998
39955
17758
41239
18100
23648
43242
36049
14794
22943
41155
37205
36162
16444
32928
41230
38269
20280
29135
16022
39852
8572
23320
42364
15109
37402
32887
14537
44449
32986
16248
8391
41140
17487
35682
44183
36568
38048
41468
35875
28095
33247
39316
21003
33104
31867
20454
29711
28667
11393
24757
43783
44195
35320
41943
29701
8931
42300
39365
38991
38124
30148
42539
16003
39327
41815
44269
13795
32503
44317
8483
9060
15504
39442
38608
9561
41601
8926
39509
25549
16344
40024
39892
44073
40837
44099
37220
41537
18663
42629
38640
25480
28866
40037
39274
42387
43459
44112
36088
35489
38591
31163
32745
38487
41567
34555
41157
41708
37338
39702
37352
39711
35174
37279
33383
37791
16025
40378
39604
41786
42730
35565
20918
25062
13322
34374
41427
40684
40683
40685
44109
44184
42587
41691
39640
39641
39642
13921
11726
18453
22528
36504
41859
37469
40370
31818
34575
42347
19752
25815
24441
41808
18036
38912
39426
43715
10032
32014
23058
36189
44468
41083
34571
32951
43950
37611
36095
16750
16749
8277
14764
24924
9766
41740
34543
37335
37831
16000
27024
33642
8866
27594
17683
28491
39728
41341
41422
18870
20656
9480
23300
22560
36952
15286
17684
36656
39969
39989
22133
11437
25964
16807
39866
37847
41744
13791
40056
31534
32127
23119
32598
40252
26369
30200
31802
42033
41998
42169
33309
21134
40698
23572
39229
22351
32738
9191
41914
41858
35617
15535
44068
38476
39270
20422
35716
42416
33533
21973
39719
23699
42317
37332
41658
34793
36534
12480
25522
10417
37607
40843
41504
41500
41498
41497
41506
41507
41508
41496
29152
42507
17794
11985
42634
41976
44490
42306
40361
43972
25740
9852
10193
27643
33652
21163
38074
19506
24496
44553
8652
38513
17824
42819
39720
41681
38647
42408
41561
41875
18617
44650
32980
30759
39761
40034
42201
16997
41720
38403
38125
42199
41492
30980
43971
36739
41972
34756
41166
23587
25299
17542
9350
19866
34211
43807
30847
42639
34860
42373
10983
31220
39052
41703
36967
43890
26366
42263
27426
26960
35794
30546
23167
36209
18680
23638
11747
39272
35324
40986
41118
36821
32394
43743
34754
34602
29408
35627
18077
10016
32653
17782
12221
15073
41543
39793
38041
16172
31700
10826
34831
36044
36815
21305
43906
44236
44611
37977
34761
35877
43804
42198
18727
39033
35656
17529
40160
40619
36000
28563
21212
39775
35496
24064
16077
24063
34415
40112
39376
35182
32755
39248
41355
38803
36530
13401
33722
38398
41868
37110
39130
40942
17768
35238
21017
8993
44486
35630
40371
38190
22763
37359
17466
27478
8262
22407
8263
44122
32522
9414
16024
8986
8201
14056
21365
31393
8961
9853
8256
21397
12010
9566
34158
23232
8820
29403
35144
11805
8222
27517
8318
39344
16030
11539
10237
23907
33241
41429
15308
35300
9413
17257
35277
18856
28884
33728
37512
14610
25248
37306
14608
41172
43671
35988
44499
36265
17260
42024
8131
37054
44000
40641
33173
41679
37566
34816
32749
33954
44539
40396
40620
36570
24312
17063
37141
36916
39012
40442
16801
40748
38925
43851
23422
41016
36381
44513
41578
9159
38522
25527
20243
42232
27912
41150
37733
40588
39596
31491
37094
17962
37913
44053
37233
39193
40310
29141
40196
8845
26158
17823
40536
40460
40154
40572
11976
44419
36143
26367
40238
33849
36975
28028
15474
38188
40431
39000
19916
28483
44516
41910
42603
42305
41958
17618
40295
37572
21345
38899
8253
8220
10136
44610
43035
18183
38517
40764
41820
29150
40516
20689
23727
18477
41028
36711
44371
43840
15613
21937
21936
14862
43651
32913
37487
16482
39135
31341
20124
39266
39927
39836
42260
18148
25665
39979
30786
39240
39242
8920
27791
36491
34163
8875
32634
41690
36480
40001
39558
31493
16905
27031
42094
32297
38324
40256
26281
40398
17052
42896
32631
40165
37958
37955
25852
37516
40794
36213
39445
42290
44165
41644
40372
41029
35217
30757
38686
27861
23705
44450
24487
38166
31886
39096
31885
10457
40945
44044
34784
16938
41713
22204
21162
21161
15659
22659
37670
16839
35869
14052
40121
33064
44043
42063
37713
10240
9139
35205
32695
44318
40272
40120
43878
36270
39571
43920
42880
44422
40484
40367
25817
40390
40366
40368
40348
40028
40392
41913
41436
10923
40479
43699
36848
8338
42644
38138
38464
38747
23211
13292
9076
42355
40003
29159
22054
31414
24161
38884
40908
32811
15322
40395
36682
41594
42312
39934
16143
14642
40733
36280
37510
23579
42191
24991
15631
22279
11523
35819
42761
34196
25793
41062
42860
15336
31406
32236
15677
14965
41462
14235
32833
15857
15680
26003
40240
15679
18131
43708
35180
14233
42088
41047
39877
42396
27255
8523
25613
42473
32541
41528
8466
43891
21013
28034
40453
34894
42855
41461
40940
32521
30197
8653
23790
41359
13604
38705
14564
41625
39783
44481
42320
41102
8482
44161
39743
38759
20511
41905
9295
23708
36705
42696
29410
9034
37981
8186
17157
10149
23833
44313
33000
32998
23122
18635
10061
9544
7992
42079
41547
42520
13425
14110
42030
34190
33851
37207
37998
43049
43750
43847
44335
44400
36365
10117
34981
39941
41443
19812
39532
31291
40950
21848
15595
39273
41743
18964
15601
20019
27398
35022
31709
8280
39774
36850
34858
41769
32635
44071
41931
19406
20715
43817
43862
40659
39652
41005
8442
29910
27384
17004
42525
25018
23288
19615
31784
33640
21498
22561
27612
44392
20875
25216
41045
43909
44270
8890
41864
37753
44054
40590
20508
36531
36411
8102
26153
39342
36151
10355
18980
16306
33759
31157
16557
21507
43794
8724
8191
14976
8027
21058
16029
32997
38614
17786
31530
27591
8369
39762
33679
39100
14276
8348
26114
41705
27820
39952
7993
26097
22140
22001
37180
35538
22812
24804
30136
31523
36267
32601
14505
37963
30311
34725
33277
9837
32765
16694
33326
35414
39030
32696
42421
41923
42439
40904
27680
44538
31122
35775
25133
10974
11373
34067
40164
18837
10170
24902
23094
20806
37752
23093
43897
9254
35952
39144
31734
17843
9308
41426
24960
14978
19624
31521
21808
13168
9422
19785
38670
29987
24413
35453
19084
16040
41386
31217
13438
11685
16049
34401
30973
34400
11924
15761
38953
10797
11925
14145
43701
44519
11683
10796
17138
40713
36609
44296
42894
15598
40511
40509
22651
41353
39885
40970
25149
37488
40642
42264
39669
29042
42349
44642
44476
40508
32655
32656
35359
35355
35357
39875
34170
32654
32658
42147
42133
42135
42138
42139
34162
42142
42148
39282
35360
40574
34171
42146
35388
35356
42145
42144
42143
42141
42151
34169
42149
42152
42132
39944
42150
41380
39971
39939
40584
40583
16333
14344
40618
42184
14879
21764
21761
41885
22979
36912
41633
41796
22982
14705
21759
21768
21765
22987
21767
21766
11614
15054
17451
27946
11879
11616
11615
11617
37380
37381
38363
37383
37379
37384
37385
37386
39867
44577
38950
38952
40342
43898
43919
8583
42194
41669
19806
39683
21494
37490
33110
37489
35416
16039
24087
40742
13691
11676
21277
35339
41933
33414
17012
30290
31076
17452
33979
41738
40753
42508
19204
17163
43790
17904
37884
37211
31247
37614
44108
34684
34680
35384
44372
41995
17950
37657
42354
44200
42330
25337
36668
14257
21407
41542
21625
43127
42888
43443
43748
35500
30998
43007
44126
43491
43514
43023
43583
42930
42920
42939
32677
24675
8164
44121
9338
15788
31237
30490
41180
44331
43298
43303
43558
43523
44048
43431
17133
9270
44155
41392
43074
43518
44264
43538
43202
43091
44803
42626
44591
34419
22408
33274
34359
43296
43084
40788
31741
43038
43283
43180
43257
40982
22043
43556
24123
43281
44541
44482
9013
39213
43466
43314
43214
28057
40197
40664
43449
36291
43201
43120
42786
38426
37253
16868
35211
14919
21583
42643
43311
43457
40519
41481
17723
36899
44021
19935
42744
43470
32459
17671
16671
35059
40000
32827
9814
41494
8165
17659
20412
21422
39899
34027
43499
35370
17131
43174
17500
40663
15957
43171
44127
43159
43101
39665
34057
28746
43368
43415
9321
15955
15953
39931
8163
30695
16050
40009
39845
18378
40743
16066
42544
43178
44309
22182
40152
23116
42615
26207
43280
43000
17488
42981
21373
17137
43476
34581
39498
32306
22507
8697
43764
16367
16350
42954
43075
43411
43095
41486
43447
43362
44193
43676
43600
44478
18864
8159
26363
34217
43398
43302
8143
39983
17153
18211
17806
8160
9357
44092
44590
21355
43345
16986
44475
41012
17691
43658
35994
43010
44078
38310
42754
26936
40292
40285
20185
16587
15849
35550
17041
11252
40186
40975
43855
15940
32884
39533
17651
29250
35801
15942
18560
23045
39582
18424
11467
24333
44095
37484
39119
14304
42178
21192
15485
17829
28495
17835
44001
16892
42840
42843
42850
42775
42838
42844
42839
42845
42846
42847
42848
43306
18842
9447
30045
8179
18576
18271
17123
26250
32918
24338
43328
25353
41484
17788
43145
15946
21127
22144
34956
17559
34660
43533
39572
22515
17253
14266
44052
28147
40730
37912
37112
8167
35093
44266
39243
17647
16370
13993
41635
43947
44667
39815
40094
17670
41577
34357
42951
43259
9370
36574
43793
24699
14419
18245
42636
18317
42889
10112
41391
16253
43502
43606
44742
26295
43570
43446
42915
32931
37216
23273
41993
43441
32486
16056
9319
40386
43301
39470
43481
31838
42357
43597
40102
44113
42625
43177
34283
43276
36338
34542
42706
24132
29448
25345
36745
38163
24316
26316
42720
38716
44619
44380
43198
44390
31528
33269
21038
40964
43434
42777
17838
16780
16949
16048
34179
14044
44305
33988
36688
9205
32843
17672
17122
36506
9339
11208
43083
43922
43575
43573
43462
35041
38570
41637
44584
17489
43547
40822
43405
34398
17667
44219
22381
36633
21149
23472
34471
38234
8161
23225
17105
30918
31614
40697
21029
39618
9092
17017
15933
39104
8423
44167
43420
43550
15947
16337
9463
43181
43468
43025
44041
37594
43589
43123
43354
43608
42490
43506
44532
43545
19909
38696
16565
18387
36638
17101
9420
37889
31385
18675
15939
22877
32641
9105
20053
40681
9229
15907
8615
29705
39253
37569
9010
17270
16406
11321
8144
31837
35413
24124
34499
25301
9423
11529
15888
16413
16369
42187
41791
17803
8146
15931
44429
20096
15043
40954
17562
28752
14504
17590
17775
17051
9581
31696
38841
43655
43245
43059
43524
43161
44337
44417
17634
16087
43492
8178
42948
42973
37553
44311
17060
34392
37055
36572
18255
31649
40077
40932
9374
44340
36983
44447
43255
40474
43277
43163
42753
40363
41401
8156
25552
35966
43361
44017
15307
8153
43954
43448
9202
43480
43408
42805
22214
42449
42969
43404
43096
40727
36243
38307
42742
16094
18905
35189
17312
38441
38616
26132
17021
39598
42069
34066
8946
37568
16965
15986
43994
16846
15876
24336
21169
37814
17479
35394
35304
33415
43914
41804
15068
16936
27491
37554
36743
13972
16243
35485
38521
41050
17141
22277
16928
42552
43030
43322
42745
44031
43256
36231
39490
40090
15943
40322
20763
23050
38598
41580
43287
42919
11530
16356
41079
29101
44402
43110
38810
23322
14155
43020
43056
44131
35502
16155
44251
41337
28148
16165
43618
17525
9483
16935
33457
23867
36038
27712
39581
24239
16558
44028
42977
17866
9332
43812
40471
44418
43357
27747
42529
44066
42356
37492
34528
14361
39995
43268
41186
38032
43487
43367
42489
23714
33106
42440
43530
21170
43164
37083
44077
43519
42985
43498
43478
42708
42826
33693
44146
43249
43494
44427
38631
43154
42890
44424
43661
21787
32908
36431
35029
42943
42828
43527
43260
43966
43703
40988
43155
43333
44717
14237
8346
18259
21922
43511
42691
42949
42946
42950
43467
44089
42773
42641
20158
22741
33231
34183
38769
44199
34736
25156
25294
16911
43389
39205
43018
16338
8170
15962
16983
15899
13922
42807
44279
37933
37604
23283
35147
16405
17657
41333
43387
44273
44083
44802
28024
37974
16120
9356
40690
41216
16536
8147
29057
23259
42971
43982
43587
44065
44771
19979
43617
22176
42640
43220
25340
37618
44428
9317
40216
8172
43068
17146
43458
43555
33792
41423
24404
18324
43479
43588
44135
37353
42812
41684
44156
43631
31617
42932
43542
43286
43104
38535
20904
44451
16357
20748
43534
43654
44510
43949
43078
43562
42931
42982
44770
43433
43241
42673
43205
43076
43649
43576
43140
43598
43509
44355
43496
43237
43628
43293
42802
40569
17149
43585
43471
43229
44327
43419
43356
42918
42766
42718
36107
44047
15327
43394
40374
43505
43510
44342
43119
43425
42987
43285
42750
36168
11351
43122
43493
42976
17690
8921
25371
44567
40155
17615
44561
43012
41590
42551
43549
43613
43548
42979
43152
43234
43292
44058
42779
43224
42911
42945
43516
42376
31579
22206
40923
21481
24349
30894
40394
34268
43668
42244
37686
44432
44096
44153
44261
44527
44189
41667
44172
43334
27445
42427
35946
44580
38308
30798
41926
42983
43603
39539
27978
42865
31333
44413
42172
44179
33522
28705
42324
43936
35263
39812
42904
40564
34926
43927
40668
41139
39317
41071
29088
42365
43901
40530
41802
44434
34028
35117
40432
38636
37587
34636
44245
27340
42542
39339
38320
42037
42294
42454
39115
42503
42005
40059
35708
39111
44489
36085
28997
43866
34277
33037
37934
42853
35398
38554
41191
31666
42404
36205
37142
40969
36759
40325
34476
34982
42737
43751
44574
42622
40526
37068
27371
40429
40076
33048
40706
42277
41408
43832
44262
42046
39716
43962
40724
39721
43475
39258
37362
41374
42621
37786
42235
40088
30443
40927
31105
43731
28623
43963
41988
43992
42736
38844
40645
42893
40902
40963
41173
38599
34102
44347
40586
28615
42417
39314
34043
34611
39860
38033
41019
42153
41312
42533
44469
41576
30435
42557
43755
32969
44034
41557
38344
40995
35601
43472
41339
42309
44586
27172
39964
41954
43987
42703
33122
35103
44339
35146
44435
42068
43227
27980
35427
37719
37197
42310
36510
39552
37014
39928
35279
42106
43961
42541
42102
40705
41825
38182
38898
27849
31814
28362
28564
40480
39284
30028
43854
44341
37283
41235
42453
34503
40836
36103
44247
43902
41812
43275
38588
35264
41852
44222
28309
35480
34829
30860
29971
41373
44344
44448
34847
40280
29210
42412
42394
38368
42013
40835
44188
37773
35807
40115
41171
40999
39058
43988
43483
42369
42087
40846
44633
40318
41219
44608
43724
42352
29594
27424
44509
42469
43876
40856
37836
43800
42316
43969
39804
43830
43990
44074
41538
41428
44125
43805
40981
33293
43828
41407
44297
43732
38584
42380
41648
30442
40888
30641
39048
29972
39752
38049
38567
42883
44459
38918
40249
39634
41132
35262
42555
34591
37714
40958
44098
44399
28343
29530
35458
39649
40279
42887
42234
37622
40882
28904
42612
42236
40183
44271
28672
38931
30371
40946
43895
37922
41213
34623
42584
44496
39538
43917
37546
38120
43900
40503
42361
44322
42645
40667
37877
40559
38839
34794
44564
42585
28625
34114
38165
34135
34272
37820
44559
43860
42463
41142
31650
44433
42337
41650
39648
42835
40204
36543
44557
40622
42872
39038
42327
36152
35681
39698
37584
44365
35637
39831
37696
41211
36422
40224
44607
42326
35991
42323
41824
34191
43799
40352
44218
33803
40829
39562
28340
39060
44187
39053
27552
38454
32468
39906
41055
35104
37799
41296
35746
36043
38661
32644
44101
44328
42401
39285
41776
39201
39146
43754
42393
38664
24892
13553
15606
34413
30239
24494
8865
16067
39151
17582
14127
17318
17019
37393
43413
43915
43605
43297
44533
44386
44134
44346
44384
43512
44332
43323
43247
44530
43054
43250
43417
43001
43278
44116
43525
43568
43465
42582
32733
25846
20521
34718
16412
40015
23692
42806
17804
27884
39322
35552
21479
34394
44278
42064
44257
24120
41986
18574
37537
37367
40757
35518
38784
25946
10466
23986
37725
33782
33993
16176
43993
42418
43396
43346
43137
43560
38478
30791
16466
44343
38465
43106
36720
44151
17460
33272
16256
18646
34361
41725
23278
43380
18674
44097
32930
35734
37033
39392
43228
32907
17214
9294
18522
44060
43451
37344
17870
42241
44747
42975
43105
9049
34334
23309
33747
34524
9263
43604
23049
36884
31038
9264
43117
42628
43330
42694
42495
42965
43272
37340
18236
15930
13849
43008
43093
14366
20168
30059
42808
33014
34702
44198
17579
43401
24445
39321
16321
31742
18603
38723
17798
39633
16563
35305
15848
15896
21176
10955
17575
8140
9219
31720
15865
27992
43097
44582
43407
24323
43206
43584
43421
17765
42624
43792
44019
44032
33083
17510
44067
43791
42760
43279
42781
43737
40734
15906
17642
18226
43582
22275
17561
26234
44118
39610
36793
44246
9318
17699
41834
33543
21337
33675
40301
35494
22453
43352
43403
43432
43381
44563
43874
43282
25277
17526
40646
26921
39733
33690
8139
43809
35774
41444
16967
21375
21557
25972
25729
10499
43702
21963
36124
40671
31995
25300
42928
43513
43373
43061
43526
43121
42996
43657
39164
44263
43218
33425
29909
43490
43501
43151
41438
43528
41362
44079
43653
43482
43747
43133
43497
44171
38833
32334
41425
41214
19856
43148
16968
42657
44716
43384
43316
25279
43090
43267
43371
44111
43036
44140
44149
42968
43474
42980
43231
43916
44719
42908
44474
42917
42746
31652
43577
42783
9323
42011
31505
41094
43566
44646
44090
43167
44211
24222
9329
43221
42947
43271
44497
42676
43191
43554
43557
43015
41788
43085
43607
43965
43399
42809
8148
38576
27358
36009
43006
43014
36373
43266
42308
43022
44801
43477
43486
43240
43114
43031
17608
17321
43445
17022
44169
37493
43081
43315
43592
43559
44430
44243
33986
39452
16121
43406
42543
9397
32729
17934
17467
18625
26129
38401
17530
31790
39537
36652
18184
9412
16460
44029
25712
39399
24618
39006
38596
44736
31708
8154
15948
16913
9497
20190
20198
22434
16051
17666
26245
9395
36039
17520
14494
9265
40505
16404
9331
18350
32124
26254
17110
16568
34101
35419
20520
15874
14170
37517
9280
24238
9398
16341
17570
40538
26244
44166
36092
42303
31574
9015
17311
17125
36610
22884
35557
42004
16676
22427
36947
39301
17100
17072
16164
8533
16931
31710
9267
44310
34293
30143
16229
8180
8070
22046
9154
39469
11399
42755
16371
17016
35444
33242
43488
40765
43473
43009
44385
42992
43999
43192
43602
39451
37706
17015
43979
44091
42664
44176
44150
8343
8176
41571
44420
43626
43572
43620
43535
42705
15683
43088
43515
43348
43819
43153
43536
17519
43444
43763
9177
8707
26208
43797
43650
28502
44035
37966
40810
14360
38698
35851
22514
41185
39980
27993
42093
44789
41510
44022
39357
43430
43073
42942
9181
16877
20186
28021
18463
40766
43016
39593
33992
14952
19817
19819
21202
29415
43149
37249
39654
29750
42944
24610
42784
22000
36274
35203
35092
18231
24406
18225
17232
18666
9328
18508
30345
15902
41709
41001
16601
42713
42978
43424
43186
15873
42509
8151
17925
43325
29052
44421
42984
43060
43540
36882
14415
32012
20405
8729
17008
43253
43134
43313
44562
42909
43753
29642
9812
9268
42631
42756
43208
15853
9248
21120
15023
37890
8969
32825
36670
20065
11700
17042
39631
39206
15954
9571
17061
32074
34178
18343
36089
44115
15908
16057
8531
41488
9269
39294
16465
39234
42875
36940
30592
41385
14293
15553
38249
35348
22042
24543
17039
11571
36157
8166
35828
37234
36136
16178
42999
43243
42966
43539
43002
44046
43397
43244
19749
43689
43416
43364
43383
43050
43546
43372
43629
43423
43435
42910
40298
37570
43150
43450
43601
44569
