44509
42469
43876
40856
37836
43800
42316
43969
39804
43830
43990
44074
41538
41428
44125
43805
40981
33293
43828
41407
44297
43732
38584
42380
41648
30442
40888
30641
39048
29972
39752
38049
38567
42883
44459
38918
40249
39634
41132
35262
42555
34591
37714
40958
44098
44399
28343
29530
35458
39649
40279
42887
42234
37622
40882
28904
42612
42236
40183
44271
28672
38931
30371
40946
43895
37922
41213
34623
42584
44496
39538
43917
37546
38120
43900
40503
42361
44322
42645
40667
37877
40559
38839
34794
44564
42585
28625
34114
38165
34135
34272
37820
44559
43860
42463
41142
31650
44433
42337
41650
39648
42835
40204
36543
44557
40622
42872
39038
42327
36152
35681
39698
37584
44365
35637
39831
37696
41211
36422
40224
44607
42326
35991
42323
41824
34191
43799
40352
44218
33803
40829
39562
28340
39060
44187
39053
27552
38454
32468
39906
41055
35104
37799
41296
35746
36043
38661
32644
44101
44328
42401
39285
41776
39201
39146
43754
42393
38664
24892
13553
15606
34413
30239
24494
8865
16067
39151
17582
14127
17318
17019
37393
43413
43915
43605
43297
44533
44386
44134
44346
44384
43512
44332
43323
43247
44530
43054
43250
43417
43001
43278
44116
43525
43568
43465
42582
32733
25846
20521
34718
16412
40015
23692
42806
17804
27884
39322
35552
21479
34394
44278
42064
44257
24120
41986
18574
37537
37367
40757
35518
38784
25946
10466
23986
37725
33782
33993
16176
43993
42418
43396
43346
43137
43560
38478
30791
16466
44343
38465
43106
36720
44151
17460
33272
16256
18646
34361
41725
23278
43380
18674
44097
32930
35734
37033
39392
43228
32907
17214
9294
18522
44060
43451
37344
17870
42241
44747
42975
43105
9049
34334
23309
33747
34524
9263
43604
23049
36884
31038
9264
43117
42628
43330
42694
42495
42965
43272
37340
18236
15930
13849
43008
43093
14366
20168
30059
42808
33014
34702
44198
17579
43401
24445
39321
16321
31742
18603
38723
17798
39633
16563
35305
15848
15896
21176
10955
17575
8140
9219
31720
15865
27992
43097
44582
43407
24323
43206
43584
43421
17765
42624
43792
44019
44032
33083
17510
44067
43791
42760
43279
42781
43737
40734
15906
17642
18226
43582
22275
17561
26234
44118
39610
36793
44246
9318
17699
41834
33543
21337
33675
40301
35494
22453
43352
43403
43432
43381
44563
43874
43282
25277
17526
40646
26921
39733
33690
8139
43809
35774
41444
16967
21375
21557
25972
25729
10499
43702
21963
36124
40671
31995
25300
42928
43513
43373
43061
43526
43121
42996
43657
39164
44263
43218
33425
29909
43490
43501
43151
41438
43528
41362
44079
43653
43482
43747
43133
43497
44171
38833
32334
41425
41214
19856
43148
16968
42657
44716
43384
43316
25279
43090
43267
43371
44111
43036
44140
44149
42968
43474
42980
43231
43916
44719
42908
44474
42917
42746
31652
43577
42783
9323
42011
31505
41094
43566
44646
44090
43167
44211
24222
9329
43221
42947
43271
44497
42676
43191
43554
43557
43015
41788
43085
43607
43965
43399
42809
8148
38576
27358
36009
43006
43014
36373
43266
42308
43022
44801
43477
43486
43240
43114
43031
17608
17321
43445
17022
44169
37493
43081
43315
43592
43559
44430
44243
33986
39452
16121
43406
42543
9397
32729
17934
17467
18625
26129
38401
17530
31790
39537
36652
18184
9412
16460
44029
25712
39399
24618
39006
38596
44736
31708
8154
15948
16913
9497
20190
20198
22434
16051
17666
26245
9395
36039
17520
14494
9265
40505
16404
9331
18350
32124
26254
17110
16568
34101
35419
20520
15874
14170
37517
9280
24238
9398
16341
17570
40538
26244
44166
36092
42303
31574
9015
17311
17125
36610
22884
35557
42004
16676
22427
36947
39301
17100
17072
16164
8533
16931
31710
9267
44310
34293
30143
16229
8180
8070
22046
9154
39469
11399
42755
16371
17016
35444
33242
43488
40765
43473
43009
44385
42992
43999
43192
43602
39451
37706
17015
43979
44091
42664
44176
44150
8343
8176
41571
44420
43626
43572
43620
43535
42705
15683
43088
43515
43348
43819
43153
43536
17519
43444
43763
9177
8707
26208
43797
43650
28502
44035
37966
40810
14360
38698
35851
22514
41185
39980
27993
42093
44789
41510
44022
39357
43430
43073
42942
9181
16877
20186
28021
18463
40766
43016
39593
33992
14952
19817
19819
21202
29415
43149
37249
39654
29750
42944
24610
42784
22000
36274
35203
35092
18231
24406
18225
17232
18666
9328
18508
30345
15902
41709
41001
16601
42713
42978
43424
43186
15873
42509
8151
17925
43325
29052
44421
42984
43060
43540
36882
14415
32012
20405
8729
17008
43253
43134
43313
44562
42909
43753
29642
9812
9268
42631
42756
43208
15853
9248
21120
15023
37890
8969
32825
36670
20065
11700
17042
39631
39206
15954
9571
17061
32074
34178
18343
36089
44115
15908
16057
8531
41488
9269
39294
16465
39234
42875
36940
30592
41385
14293
15553
38249
35348
22042
24543
17039
11571
36157
8166
35828
37234
36136
16178
42999
43243
42966
43539
43002
44046
43397
43244
19749
43689
43416
43364
43383
43050
43546
43372
43629
43423
43435
42910
40298
37570
43150
43450
43601
44569
